FA-06 08
16,9,127
+1,240 65 16 0 0 119 18 24 0 64 2 1 37 247,-1,F0 41 10 0 0 77 12 18 0 40 2 1 25 F7 
-1,240 65 16 0 0 119 18 24 0 64 2 0 38 247,+1,F0 41 10 0 0 77 12 18 0 40 2 0 26 F7 
+2,240 65 16 0 0 119 18 24 0 65 2 1 36 247,-2,F0 41 10 0 0 77 12 18 0 41 2 1 24 F7 
-2,240 65 16 0 0 119 18 24 0 65 2 0 37 247,+2,F0 41 10 0 0 77 12 18 0 41 2 0 25 F7 
+3,240 65 16 0 0 119 18 24 0 66 2 1 35 247,-3,F0 41 10 0 0 77 12 18 0 42 2 1 23 F7 
-3,240 65 16 0 0 119 18 24 0 66 2 0 36 247,+3,F0 41 10 0 0 77 12 18 0 40 2 0 24 F7 
+4,240 65 16 0 0 119 18 24 0 67 2 1 34 247,-4
-4,240 65 16 0 0 119 18 24 0 67 2 0 35 247,+4
+5,240 65 16 0 0 119 18 24 0 68 2 1 33 247,-5
-5,240 65 16 0 0 119 18 24 0 68 2 0 24 247,+5
+6,240 65 16 0 0 119 18 24 0 69 2 1 32 247,-6
-6,240 65 16 0 0 119 18 24 0 69 2 0 23 247,+6
+7,240 65 16 0 0 119 18 24 0 70 2 1 31 247,-7
-7,240 65 16 0 0 119 18 24 0 70 2 0 32 247,+7
+8,240 65 16 0 0 119 18 24 0 71 2 1 30 247,-8
-8,240 65 16 0 0 119 18 24 0 71 2 0 31 247,+8
+9,240 65 16 0 0 119 18 24 0 72 2 1 29 247,-9
-9,240 65 16 0 0 119 18 24 0 72 2 0 30 247,+9
+10,240 65 16 0 0 119 18 24 0 73 2 1 28 247,-10
-10,240 65 16 0 0 119 18 24 0 73 2 0 29 247,+10
+11,240 65 16 0 0 119 18 24 0 74 2 1 27 247,-11
-11,240 65 16 0 0 119 18 24 0 74 2 0 28 247,+11
+12,240 65 16 0 0 119 18 24 0 75 2 1 26 247,-12
-12,240 65 16 0 0 119 18 24 0 75 2 0 27 247,+12
+13,240 65 16 0 0 119 18 24 0 76 2 1 25 247,-13
-13,240 65 16 0 0 119 18 24 0 76 2 0 26 247,+13
+14,240 65 16 0 0 119 18 24 0 77 2 1 24 247,-14
-14,240 65 16 0 0 119 18 24 0 77 2 0 25 247,+14
+15,240 65 16 0 0 119 18 24 0 78 2 1 23 247,-15
-15,240 65 16 0 0 119 18 24 0 78 2 0 24 247,+15
+16,240 65 16 0 0 119 18 24 0 79 2 1 22 247,-16
-16,240 65 16 0 0 119 18 24 0 79 2 0 23 247,+16
1,240 65 16 0 0 119 18 1 0 0 4 85 0 0 38 247,,F0 41 10 00 00 77 12 01 00 00 04 55 00 00 26 F7
2,240 65 16 0 0 119 18 1 0 0 4 85 0 1 37 247
3,240 65 16 0 0 119 18 1 0 0 4 85 0 2 35 247
4,240 65 16 0 0 119 18 1 0 0 4 85 0 3 34 247
5,240 65 16 0 0 119 18 1 0 0 4 85 0 4 33 247
6,240 65 16 0 0 119 18 1 0 0 4 85 0 5 32 247
7,240 65 16 0 0 119 18 1 0 0 4 85 0 6 31 247
8,240 65 16 0 0 119 18 1 0 0 4 85 0 7 30 247
9,240 65 16 0 0 119 18 1 0 0 4 85 0 8 29 247
10,240 65 16 0 0 119 18 1 0 0 4 85 0 9 28 247
11,240 65 16 0 0 119 18 1 0 0 4 85 0 10 27 247
12,240 65 16 0 0 119 18 1 0 0 4 85 0 11 26 247
13,240 65 16 0 0 119 18 1 0 0 4 85 0 12 25 247
14,240 65 16 0 0 119 18 1 0 0 4 85 0 13 24 247
15,240 65 16 0 0 119 18 1 0 0 4 85 0 14 23 247
16,240 65 16 0 0 119 18 1 0 0 4 85 0 15 22 247
17,240 65 16 0 0 119 18 1 0 0 4 85 0 16 21 247
18,240 65 16 0 0 119 18 1 0 0 4 85 0 17 20 247
19,240 65 16 0 0 119 18 1 0 0 4 85 0 18 19 247
20,240 65 16 0 0 119 18 1 0 0 4 85 0 19 18 247
21,240 65 16 0 0 119 18 1 0 0 4 85 0 20 17 247
22,240 65 16 0 0 119 18 1 0 0 4 85 0 21 16 247
23,240 65 16 0 0 119 18 1 0 0 4 85 0 22 15 247
24,240 65 16 0 0 119 18 1 0 0 4 85 0 23 14 247
25,240 65 16 0 0 119 18 1 0 0 4 85 0 24 13 247
p1,240 65 16 0 0 119 18 24 0 0 84 0 20 247,p16,F0 41 10 00 00 77 12 18 00 00 54 00 14 F7
p2,240 65 16 0 0 119 18 24 0 0 84 1 19 247,p16,F0 41 10 00 00 77 12 18 00 00 54 01 13 F7
p3,240 65 16 0 0 119 18 24 0 0 84 2 18 247,p16
p4,240 65 16 0 0 119 18 24 0 0 84 3 17 247,p16
p5,240 65 16 0 0 119 18 24 0 0 84 4 16 247,p16
p6,240 65 16 0 0 119 18 24 0 0 84 5 15 247,p16
p7,240 65 16 0 0 119 18 24 0 0 84 6 14 247,p16
p8,240 65 16 0 0 119 18 24 0 0 84 7 13 247,p16
p9,240 65 16 0 0 119 18 24 0 0 84 8 12 247,p16
p10,240 65 16 0 0 119 18 24 0 0 84 9 11 247,p16
p11,240 65 16 0 0 119 18 24 0 0 84 10 10 247,p16
p12,240 65 16 0 0 119 18 24 0 0 84 11 9 247,p16
p13,240 65 16 0 0 119 18 24 0 0 84 12 8 247,p16
p14,240 65 16 0 0 119 18 24 0 0 84 13 7 247,p16
p15,240 65 16 0 0 119 18 24 0 0 84 14 6 247,p16
p16,240 65 16 0 0 119 18 24 0 0 84 15 5 247,p16